[road]
max_height = 0.000000
main_smooth = 50.000000
part_smooth = 0.200000
road_width = 20.000000
flat_road = 0
road_seed = 1

