[texture]
texture_ratio = 0.200000
main_texture = 0.400000
patch_texture = 1.200000
patch_division = 30.000000
main_texture_u = 10.000000
main_texture_v = 10.000000
patch_texture_u = 10.000000
patch_texture_v = 10.000000
texture_seed = 1
main_texture_id = 306
patch_texture_id = 246

