[texture]
texture_ratio = 0.740000
main_texture = 0.860000
patch_texture = 3.440000
patch_division = 82.000000
main_texture_u = 10.000000
main_texture_v = 10.000000
patch_texture_u = 10.000000
patch_texture_v = 10.000000
texture_seed = 5
main_texture_id = 31
patch_texture_id = 197

