[main_Terrain_Height]
max_height = 150.000000
main_smooth = 3
part_smooth = 0.400000
seed = 4
texture_ratio = -0.280000
main_texture = 0.490000
patch_texture = 1.760000
patch_division = 14.000000

