[main_Terrain_Height]
max_height = 25.000000
main_smooth = 5
part_smooth = 0.220000
seed = 2
texture_ratio = -0.600000
main_texture = 0.330000
patch_texture = 1.680000
patch_division = 49.000000

