[hill]
max_height = 11.000000
main_smooth = 3.000000
part_smooth = 0.400000
bridge_scope = 0.600000
bridge_depth = 0.200000
border_erode = 0.400000
line_width = 100.000000
hill_up = 0
hill_seed = 1
height_curve_number = 7
height_curve_0 = 1.000000
height_curve_1 = 0.940000
height_curve_2 = 0.800000
height_curve_3 = 0.600000
height_curve_4 = 0.400000
height_curve_5 = 0.250000
height_curve_6 = 0.200000
line_curve_number = 10
line_curve_0 = 0.600000
line_curve_1 = 0.940000
line_curve_2 = 0.800000
line_curve_3 = 0.600000
line_curve_4 = 0.400000
line_curve_5 = 0.250000
line_curve_6 = 0.200000
line_curve_7 = 0.300000
line_curve_8 = 0.400000
line_curve_9 = 0.500000

