[hill]
max_height = 20.000000
main_smooth = 1.720000
part_smooth = 0.160000
bridge_scope = 0.160000
bridge_depth = 0.090000
border_erode = 0.100000
line_width = 10.000000
hill_up = 1
hill_seed = 1
texture_ratio = -0.780000
main_texture = 0.070000
patch_texture = 0.840000
patch_division = 19.000000
height_curve_number = 7
height_curve_0 = 1.000000
height_curve_1 = 0.940000
height_curve_2 = 0.800000
height_curve_3 = 0.600000
height_curve_4 = 0.400000
height_curve_5 = 0.250000
height_curve_6 = 0.200000
line_curve_number = 10
line_curve_0 = 1.000000
line_curve_1 = 0.940000
line_curve_2 = 0.800000
line_curve_3 = 0.600000
line_curve_4 = 0.400000
line_curve_5 = 0.250000
line_curve_6 = 0.200000
line_curve_7 = 0.300000
line_curve_8 = 0.400000
line_curve_9 = 0.500000

